image: ag10_0.01.pgm
resolution: 0.010000
#origin: [-4.079108, -11.382703, 0.000000]
origin: [0.0, 0.0, 0.0]
negate: 0
occupied_thresh: 0.65
free_thresh: 0.196

